0.7041017584143512
0.7197974455793785
0.7275801113541129
0.7259059535548704
0.7408995687762052
0.7501693914491196
0.7564924072256083
0.764554169919783
0.7710511703114471
0.7753423934393378
0.7811050507714683
0.7803087920071562
0.7855587903600416
0.7853944887293378
0.7854170664414268
0.7838101746473856
0.7849981202055487
0.7851330785381696
0.7837402595401735
0.7847488285056172
0.7816167859078623
0.7822095266070509
0.7826527471611566
0.7838906054132182
0.7798996711525801
0.7812812164893155
0.7780260700950759
0.778623080962632
0.7124157388896688
0.7268293370895811
0.7310190634034635
0.7413547220110495
0.7372089919764144
0.7550819153917141
0.7573185684560451
0.7641525396594535
0.7700663581733108
0.7770729282276179
0.7798647544078219
0.7819068803776358
0.7836639331024969
0.7859923930501775
0.7846909007803649
0.785868843829461
0.7848304357818479
0.785624166134146
0.7853220703900388
0.7828262620404465
0.7836002556710778
0.7841835478196011
0.7842473311803696
0.7843767369048759
0.7797862017172592
0.7778338222181198
0.7802275815318493
0.7783327260108515
0.7772866328757599
0.7098868658223875
0.7237588837258229
0.7313738850471441
0.7403738839600658
0.7495116648305638
0.7576647160488942
0.7647927896718898
0.7679266061521121
0.7717700146915673
0.7787716260367353
0.7807767626932891
0.7826380568442383
0.7839988278726459
0.7827169307959426
0.7841740819034686
0.782724177405376
0.784048301220226
0.783171523994472
0.7840961587110895
0.7833378825647574
0.78527313797676
0.7838087350501606
0.7836825566977206
0.785717688725648
0.7831424663583233
0.78344242267688
0.7827327898087992
0.7809270929374135
0.7792676740783975
0.7788298402921954
0.7745034868243008
0.772895694630789
0.7719926069857863
0.7660989628033674
0.7668277072362981
0.7673151871564783
0.7639873732284865
0.7598703404965572
0.7627499178552626
0.6995012884429895
0.6976658219513029
0.7320365417218181
0.7383179220543159
0.7492088058741763
0.7579724885642061
0.7650807768422271
0.7696352882365558
0.773871099895381
0.7782459742149834
0.7786877760104247
0.7814010442904259
0.7805295053578318
0.783518168239681
0.7851382213212601
0.7849325820643267
0.7847567002718672
0.7845049539631568
0.7841942866244743
0.7837404965787997
0.7849567765014055
0.7833297407654936
0.7855354537770389
0.785516157269964
0.7832765642320478
0.779127273408378
0.7831066222976204
0.7758258758289844
0.7738130349829384
0.7767405670791232
0.7769990755007339
0.7706950228143513
0.7743730009677393
0.7721917637138402
0.7636547698317255
0.7650908887537369
0.760634351588409
0.7564290727621651
0.7004769316144812
0.7153582704080871
0.727715810323907
0.7373503225671987
0.7424167123630252
0.7534163413428738
0.7605372821002458
0.7656394317342596
0.7722376215711637
0.7768793371317793
0.7800455072138113
0.7822762959598923
0.7827100262862118
0.7824227684654939
0.7849238481026337
0.7828216784253976
0.7842738239370233
0.7829907182238078
0.7833322535485872
0.7841764835475726
0.7862088952750742
0.7842006337027103
0.7859392929247875
0.7837464998207867
0.7843700381759304
0.7826261536847939
0.7832739394416912
0.7826161711460142
0.7797957952695751
0.7772748356456651
0.7758788648153849
0.7721325969625081
0.7764543668153536
0.7696950436772236
0.7676273366377804
0.7652306191167253